1 2 5 6 8 10 11 14 16 17 18 20 24 30 31 34 35 36 37 44 52 53 55 56 58 59 60 64 65 66 71 72 73 75 76 78 79 80 82 83 84 86 87 88 90 91 92 95 98 99
1 5 13 15 16 18 19 23 25 26 27 28 29 31 32 33 36 37 38 42 43 44 46 50 51 52 55 56 58 62 64 65 66 68 73 74 77 78 79 81 84 85 86 89 90 91 94 95 98 99
0 4 5 9 12 13 14 15 16 22 25 26 28 29 30 33 34 36 40 42 43 44 47 48 50 52 53 57 60 61 62 66 69 70 71 73 77 78 79 81 85 86 89 90 91 92 93 94 95 97
0 1 2 4 6 8 10 11 13 15 16 17 18 19 21 23 25 26 31 32 33 34 36 38 39 41 42 45 49 50 51 58 59 62 63 64 67 70 73 74 75 77 78 80 83 86 87 89 90 91
0 2 3 5 7 9 11 13 15 17 22 27 28 30 33 35 37 38 39 41 42 44 45 47 48 52 53 55 58 61 64 65 68 69 71 72 73 75 79 80 81 86 87 88 89 92 94 95 96 97
0 2 5 7 8 9 10 11 13 16 18 20 22 23 26 31 32 34 35 37 38 39 40 41 44 45 46 48 50 52 54 56 62 65 67 69 70 72 76 78 80 82 84 85 86 88 92 94 95 97
1 4 7 10 13 16 17 18 19 20 21 22 25 26 31 32 35 38 41 42 44 45 46 49 53 57 58 59 60 62 67 68 74 75 76 78 79 82 83 87 88 89 90 91 92 94 96 97 98 99
0 2 4 7 12 13 21 22 26 28 29 33 34 35 36 38 40 42 43 46 48 50 51 52 55 56 57 61 63 64 67 69 70 71 76 77 78 79 80 81 82 84 85 87 89 90 92 94 97 98
0 2 3 5 7 16 19 20 21 24 25 26 30 31 33 34 35 37 40 45 47 48 49 53 54 57 58 60 61 64 65 68 69 70 73 74 75 76 79 80 82 84 85 86 89 90 91 92 93 99
0 2 3 9 12 13 17 19 20 22 24 25 26 28 29 31 34 41 43 45 49 50 51 52 56 60 61 62 64 65 66 67 68 70 71 73 76 77 78 81 83 85 87 88 89 90 92 96 98 99
0 1 3 4 6 8 9 12 14 17 19 21 22 24 27 28 31 32 34 35 36 43 44 45 46 50 52 55 57 58 59 61 62 66 67 69 71 72 73 75 78 81 82 86 88 92 94 95 97 98
0 3 5 9 10 15 16 17 18 19 24 25 27 29 31 32 33 37 39 40 41 45 49 50 51 52 53 55 56 57 58 59 60 61 66 67 69 77 78 80 81 84 86 87 88 89 91 93 94 99
0 1 7 9 10 11 12 13 14 20 23 24 25 28 29 30 33 34 35 40 41 42 46 47 48 49 52 53 54 56 57 59 61 62 64 65 66 70 72 75 76 77 80 83 84 85 90 93 97 99
0 4 5 6 10 11 12 15 16 17 18 19 27 29 30 31 34 35 36 38 39 42 45 46 49 54 55 58 60 64 65 67 68 69 73 74 76 77 79 80 81 83 88 89 90 91 92 93 94 96
0 1 2 4 5 7 8 9 11 12 13 14 16 18 24 25 28 30 32 34 39 40 41 42 43 48 53 54 55 58 59 60 61 66 70 71 72 73 75 76 80 83 84 89 90 93 95 96 97 99
0 3 5 6 8 9 13 15 16 18 21 22 26 27 28 30 31 32 35 38 39 41 45 52 53 54 56 59 60 62 63 65 66 68 69 72 73 74 76 78 79 84 85 87 88 91 95 97 98 99
1 5 6 7 8 9 10 11 12 14 17 20 21 23 24 30 32 33 35 36 38 40 47 48 53 55 60 61 62 64 65 70 71 73 77 78 79 80 81 82 83 84 87 88 90 91 92 93 94 96
0 4 5 6 8 9 10 11 12 13 16 17 18 19 21 22 23 24 26 34 35 36 38 43 44 46 48 49 52 53 57 60 61 63 65 68 69 70 71 72 77 79 80 85 86 87 90 92 93 94
0 1 2 5 6 8 11 12 13 14 16 17 19 21 23 25 26 28 29 31 32 35 41 42 43 44 46 47 49 54 56 57 59 60 61 65 66 70 71 72 73 74 83 86 87 90 92 94 95 96
2 4 12 14 16 17 18 19 22 23 24 25 26 28 30 32 33 34 37 38 40 41 47 48 52 54 56 57 58 63 64 65 69 70 71 76 77 78 81 84 85 86 89 92 93 94 95 97 98 99